387
95
338
627
258
737
526
41
32
816
371
469
884
182
802
394
53
124
959
636
332
279
921
882
650
536
516
810
49
228
27
552
167
854
150
470
939
504
462
119
600
133
759
603
235
856
79
428
461
910
429
270
408
74
240
77
696
47
336
112
14
666
222
519
806
451
324
70
950
818
113
444
478
564
731
452
797
475
922
668
895
320
549
50
367
129
875
288
889
687
741
790
808
384
891
545
795
7
867
925
271
852
160
398
566
477
354
91
37
329
409
602
48
572
239
231
597
58
440
850
554
588
730
236
35
942
448
76
289
355
245
584
485
631
966
161
176
989
866
994
717
90
8
323
909
769
653
647
593
156
969
267
379
855
131
885
689
527
266
380
370
358
903
694
69
634
316
621
838
229
923
983
991
170
561
460
955
67
181
136
406
544
269
964
824
826
699
442
700
956
71
629
974
259
438
827
783
488
502
873
286
794
331
920
345
357
42
813
507
282
197
579
186
681
837
78
780
287
9
931
836
677
94
174
467
503
169
400
738
189
713
29
975
417
274
326
748
407
123
589
644
744
793
343
209
811
59
484
648
663
334
693
930
872
986
415
728
437
335
163
685
971
712
489
126
92
495
949
815
616
630
396
924
373
80
863
100
241
115
868
395
655
456
517
534
531
558
185
928
52
218
146
36
501
372
801
652
339
385
834
175
19
212
84
775
87
706
219
542
397
356
64
540
791
300
721
799
679
221
936
198
640
675
226
715
639
857
208
899
490
368
861
333
972
75
194
471
109
809
722
724
980
858
204
609
420
277
405
315
63
135
464
341
512
234
137
718
770
486
252
39
246
199
958
98
990
203
665
985
862
710
601
870
719
708
753
592
548
669
727
309
141
743
733
148
785
661
546
608
248
426
515
318
594
251
998
746
114
307
445
154
296
439
44
173
441
25
57
913
953
585
635
18
210
510
941
705
413
929
143
914
701
472
280
723
967
432
276
919
225
970
968
530
227
582
273
262
659
900
391
576
12
539
392
927
841
418
56
99
106
940
541
81
704
17
147
805
401
543
667
412
10
688
96
103
571
72
632
390
436
459
714
382
758
892
926
604
509
3
851
104
563
457
557
105
423
654
547
284
993
127
419
645
749
97
374
142
844
740
829
51
938
916
532
590
360
697
570
778
217
698
375
454
904
763
466
525
190
684
800
599
220
26
238
957
118
117
767
383
565
347
658
674
982
172
294
610
449
907
388
179
595
765
82
387
607
735
458
23
703
308
615
237
386
611
434
649
177
992
520
711
814
562
207
864
317
535
569
312
110
306
865
742
760
786
573
981
65
887
215
835
789
6
263
761
670
796
255
586
847
205
533
908
529
130
961
138
624
491
43
638
211
85
180
606
709
771
773
171
725
560
369
158
200
244
628
144
752
410
845
46
833
149
945
299
297
890
676
465
16
822
881
492
416
168
828
787
344
768
476
128
843
157
948
54
45
946
264
314
662
682
567
206
431
159
720
260
821
140
28
877
988
707
671
15
483
643
256
511
788
122
766
626
304
680
247
831
421
183
480
482
656
550
192
403
935
934
840
145
272
102
453
911
202
201
963
364
620
973
673
716
361
468
4
574
292
876
178
898
61
614
556
184
896
581
880
479
613
555
764
253
153
30
781
605
777
1
21
853
295
301
2
455
22
164
755
618
116
275
977
134
425
216
965
313
88
691
298
553
257
905
293
578
322
598
825
327
224
954
359
496
883
869
411
139
254
538
551
917
450
38
195
692
729
820
325
446
702
612
832
191
625
389
672
337
637
350
422
353
987
107
249
633
493
580
435
5
915
874
776
93
842
193
11
912
651
427
902
779
660
521
860
886
879
944
918
774
499
346
310
151
330
683
524
839
55
494
803
878
596
772
732
792
587
750
894
623
111
952
213
463
888
497
132
830
817
514
281
999
13
187
393
125
906
162
745
695
121
62
859
577
278
402
20
804
619
165
568
823
83
498
68
518
342
349
348
782
291
559
690
506
233
33
575
617
947
120
951
537
756
487
819
960
933
979
686
378
430
523
73
481
424
641
230
978
807
757
642
351
897
196
250
101
34
404
433
261
381
414
108
622
243
155
943
223
848
996
319
932
377
376
328
362
232
734
736
871
443
784
762
352
366
86
591
265
901
583
290
40
893
664
24
995
812
285
997
513
166
447
303
646
89
399
31
798
268
66
214
751
528
321
937
508
242
311
678
739
726
747
305
976
340
522
846
188
984
754
283
474
365
500
849
505
473
302
657
152
363
962
60

