76
847
448
774
405
608
733
792
868
289
192
888
504
171
333
992
464
393
248
167
535
382
933
804
975
803
25
809
96
515
356
802
169
163
562
21
208
980
438
643
284
840
187
27
132
12
292
480
406
413
662
211
977
188
90
398
538
518
916
548
165
725
814
445
373
544
240
716
474
470
790
896
993
271
539
385
52
784
360
408
989
826
459
402
529
380
150
583
559
403
788
440
793
162
346
860
377
740
573
109
102
884
417
489
67
845
579
511
291
411
768
655
288
810
286
876
363
126
913
329
215
638
781
196
910
909
924
41
344
961
322
316
565
31
113
374
465
246
979
270
158
744
87
460
146
597
664
580
487
446
514
772
567
985
155
830
870
241
609
842
779
227
213
707
125
218
721
698
424
525
918
612
184
978
103
850
943
100
704
107
995
369
35
456
444
78
753
243
501
543
751
727
505
775
945
719
859
38
983
867
404
724
257
311
153
267
852
675
51
834
223
623
952
855
604
367
98
835
63
837
5
696
904
512
466
642
668
395
932
62
873
622
264
610
338
86
624
854
877
732
306
629
863
259
19
415
400
458
621
204
170
29
902
137
249
782
786
967
712
644
159
912
61
387
81
729
24
352
194
736
522
576
191
848
556
383
414
433
201
258
891
738
900
174
472
364
614
964
532
420
14
949
89
594
581
819
326
761
722
82
235
388
156
607
519
756
418
272
893
299
901
939
824
966
335
401
173
905
843
649
564
914
763
593
822
694
620
948
95
657
486
574
10
497
136
135
578
930
820
794
88
639
674
6
366
427
773
991
808
667
296
632
482
882
534
630
285
651
4
783
421
195
701
746
797
785
239
627
723
343
631
68
219
58
71
836
176
283
97
635
228
300
318
892
670
558
672
950
663
177
754
541
958
447
633
762
749
189
881
312
718
592
122
26
598
680
569
897
39
661
72
295
57
454
66
452
713
866
463
83
484
658
502
112
552
297
596
47
938
755
282
160
923
273
410
531
77
197
216
493
922
56
547
44
128
851
999
982
168
540
434
254
536
441
831
849
951
577
432
127
742
229
984
728
959
591
994
954
368
838
93
372
17
947
921
679
962
942
328
453
935
858
650
232
416
599
853
358
527
42
737
997
637
423
678
986
987
587
899
919
970
841
969
827
244
2
111
715
931
217
681
920
354
972
865
233
927
425
566
30
874
247
157
183
492
64
236
981
523
687
123
816
451
212
537
857
996
769
524
864
250
953
780
381
818
485
133
7
33
457
903
703
49
422
766
563
711
106
570
394
40
231
731
584
648
526
15
303
603
699
800
889
550
671
375
625
73
641
560
478
582
307
798
325
684
890
976
925
263
397
516
281
54
230
734
324
615
626
392
869
341
963
743
145
209
190
928
886
477
795
378
509
389
936
178
50
43
572
309
708
336
988
359
428
260
606
971
225
510
117
600
222
149
726
139
796
60
481
277
907
84
101
747
748
147
839
370
245
895
121
80
1
376
449
883
575
561
513
304
760
361
294
735
34
319
151
479
817
161
628
887
118
495
186
652
256
3
269
200
469
220
686
880
185
714
503
331
18
431
508
11
611
521
116
182
789
807
350
617
691
293
741
65
944
314
685
926
261
520
94
16
791
142
342
677
290
180
129
757
48
771
494
339
654
613
130
332
974
990
321
669
770
555
833
330
688
690
262
568
238
605
618
473
616
301
386
934
166
430
323
875
528
533
23
181
758
461
179
443
164
634
862
879
105
488
676
91
357
491
709
320
298
706
750
767
530
590
702
355
85
390
878
968
557
844
305
198
437
659
682
498
365
720
340
334
37
787
409
805
152
689
131
226
705
210
345
898
276
207
965
955
327
252
134
442
571
75
120
110
384
545
221
700
471
595
143
908
647
55
278
124
653
467
349
829
199
315
846
379
396
13
960
872
745
815
348
45
778
956
730
287
911
946
115
619
391
436
317
144
104
871
280
546
237
439
99
776
28
957
885
673
483
302
407
601
399
429
752
759
138
353
496
462
929
906
32
821
490
695
92
140
917
310
268
832
828
141
823
20
812
70
799
154
274
697
549
602
9
586
646
412
279
476
214
419
554
266
242
468
739
337
206
224
22
175
499
825
172
8
801
455
806
500
660
46
894
114
777
59
79
811
251
53
861
193
506
665
426
308
275
517
265
74
693
202
710
148
717
764
347
666
253
941
973
313
588
937
940
351
765
36
915
683
542
108
551
69
656
119
255
203
553
234
813
371
692
640
645
450
856
636
475
589
507
435
76
998
205
362
585

